name: vsppytools
channels:
  - conda-forge
  - defaults
dependencies:
  - intel-openmp=2023.1.0=h57928b3_46319
  - libblas=3.9.0=16_win64_mkl
  - libcblas=3.9.0=16_win64_mkl
  - libhwloc=2.9.1=h51c2c0f_0
  - libiconv=1.17=h8ffe710_0
  - liblapack=3.9.0=16_win64_mkl
  - libxml2=2.10.4=hc3477c8_0
  - libzlib=1.2.13=hcfcfb64_4
  - mkl=2022.1.0=h6a75c08_874
  - numpy=1.19.5=py36h4b40d73_2
  - pip=21.3.1=pyhd8ed1ab_0
  - pthreads-win32=2.9.1=hfa6e2cd_3
  - python=3.6.15=h39d44d4_0_cpython
  - python_abi=3.6=2_cp36m
  - setuptools=58.0.4=py36ha15d459_2
  - tbb=2021.9.0=h91493d7_0
  - ucrt=10.0.22621.0=h57928b3_0
  - vc=14.3=hb6edc58_10
  - vs2015_runtime=14.34.31931=h4c5c07a_10
  - wheel=0.37.1=pyhd8ed1ab_0
prefix: C:\Users\bengo\anaconda3\envs\vsppytools
